       PassengerId    Survived      Pclass         Age       SibSp       Parch        Fare
count   891.000000  891.000000  891.000000  714.000000  891.000000  891.000000  891.000000
mean    446.000000    0.383838    2.308642   29.699118    0.523008    0.381594   32.204208
std     257.353842    0.486592    0.836071   14.526497    1.102743    0.806057   49.693429
min       1.000000    0.000000    1.000000    0.420000    0.000000    0.000000    0.000000
25%     223.500000    0.000000    2.000000   20.125000    0.000000    0.000000    7.910400
50%     446.000000    0.000000    3.000000   28.000000    0.000000    0.000000   14.454200
75%     668.500000    1.000000    3.000000   38.000000    1.000000    0.000000   31.000000
max     891.000000    1.000000    3.000000   80.000000    8.000000    6.000000  512.329200

SibSp
0    608
1    209
2     28
4     18
3     16
8      7
5      5

Age       0.42   0.67   0.75   0.83   0.92   1.00   2.00   3.00   4.00   5.00   6.00   7.00   8.00   9.00   10.00  11.00  12.00  13.00  14.00  14.50  15.00  16.00  17.00  18.00  19.00  20.00  20.50  21.00  22.00  23.00  23.50  24.00  24.50  25.00  26.00  27.00  28.00  28.50  29.00  30.00  30.50  31.00  32.00  32.50  33.00  34.00  34.50  35.00  36.00  36.50  37.00  38.00  39.00  40.00  40.50  41.00  42.00  43.00  44.00  45.00  45.50  46.00  47.00  48.00  49.00  50.00  51.00  52.00  53.00  54.00  55.00  55.50  56.00  57.00  58.00  59.00  60.00  61.00  62.00  63.00  64.00  65.00  66.00  70.00  70.50  71.00  74.00  80.00
Survived                                                                                                                                                                                                                                                                                                                                                                                                                                                                                                                                                                                                                                        
0             0      0      0      0      0      2      7      1      3      0      1      2      2      6      2      3      0      0      3      1      1     11      7     17     16     12      1     19     16     10      1     15      1     17     12      7     18      2     12     15      2      9      9      1      9      9      1      7     11      1      5      6      9      7      2      4      7      4      6      7      2      3      8      3      2      5      5      3      0      5      1      1      2      2      2      2      2      3      2      0      2      3      1      2      1      2      1      0
1             1      1      2      2      1      5      3      5      7      4      2      1      2      2      0      1      1      2      3      0      4      6      6      9      9      3      0      5     11      5      0     15      0      6      6     11      7      0      8     10      0      8      9      1      6      6      0     11     11      0      1      5      5      6      0      2      6      1      3      5      0      0      1      6      4      5      2      3      1      3      1      0      2      0      3      0      2      0      2      2      0      0      0      0      0      0      0      1

